[INFO ] 2022-11-19 12:44:44.854 [main] Log4j2 - 0
[INFO ] 2022-11-19 12:44:44.908 [main] Log4j2 - 1004
[INFO ] 2022-11-19 12:44:44.941 [main] Log4j2 - HikingBoots
[INFO ] 2022-11-19 12:44:44.971 [main] Log4j2 - $109.90
[INFO ] 2022-11-19 12:44:45.018 [main] Log4j2 - 2
[INFO ] 2022-11-19 12:44:45.072 [main] Log4j2 - 1005
[INFO ] 2022-11-19 12:44:45.108 [main] Log4j2 - BackCountryShorts
[INFO ] 2022-11-19 12:44:45.142 [main] Log4j2 - $24.95
[INFO ] 2022-11-19 12:44:45.195 [main] Log4j2 - 0
[INFO ] 2022-11-19 12:55:56.746 [main] Log4j2 - Home Page Title:Welcome to Green Mountain Outpost
[INFO ] 2022-11-19 12:56:00.614 [main] Log4j2 - ItemNumber
[INFO ] 2022-11-19 12:56:00.657 [main] Log4j2 - ItemName
[INFO ] 2022-11-19 12:56:00.699 [main] Log4j2 - UnitPrice
[INFO ] 2022-11-19 12:56:00.816 [main] Log4j2 - OrderQuantity
[INFO ] 2022-11-19 12:56:00.911 [main] Log4j2 - 1000
[INFO ] 2022-11-19 12:56:00.963 [main] Log4j2 - 3PersonDomeTent
[INFO ] 2022-11-19 12:56:01.013 [main] Log4j2 - $299.99
[INFO ] 2022-11-19 12:56:01.092 [main] Log4j2 - 0
[INFO ] 2022-11-19 12:56:01.158 [main] Log4j2 - 1001
[INFO ] 2022-11-19 12:56:01.195 [main] Log4j2 - ExternalFrameBackpack
[INFO ] 2022-11-19 12:56:01.231 [main] Log4j2 - $179.95
[INFO ] 2022-11-19 12:56:01.296 [main] Log4j2 - 1
[INFO ] 2022-11-19 12:56:01.357 [main] Log4j2 - 1002
[INFO ] 2022-11-19 12:56:01.395 [main] Log4j2 - GlacierSunGlasses
[INFO ] 2022-11-19 12:56:01.431 [main] Log4j2 - $67.99
[INFO ] 2022-11-19 12:56:01.494 [main] Log4j2 - 0
[INFO ] 2022-11-19 12:56:01.557 [main] Log4j2 - 1003
[INFO ] 2022-11-19 12:56:01.592 [main] Log4j2 - PaddedSocks
[INFO ] 2022-11-19 12:56:01.632 [main] Log4j2 - $19.99
[INFO ] 2022-11-19 12:56:01.692 [main] Log4j2 - 0
[INFO ] 2022-11-19 12:56:01.818 [main] Log4j2 - 1004
[INFO ] 2022-11-19 12:56:01.877 [main] Log4j2 - HikingBoots
[INFO ] 2022-11-19 12:56:01.925 [main] Log4j2 - $109.90
[INFO ] 2022-11-19 12:56:02.000 [main] Log4j2 - 2
[INFO ] 2022-11-19 12:56:02.060 [main] Log4j2 - 1005
[INFO ] 2022-11-19 12:56:02.100 [main] Log4j2 - BackCountryShorts
